1,299,473
3,299,466
5,301,466
7,305,466
9,314,463
11,318,463
13,312,468
15,316,465
17,318,468
19,320,468
21,320,468
23,324,466
25,324,466
27,324,466
29,328,466
31,333,466
33,333,466
35,333,466
37,333,466
39,328,471
41,328,471
43,328,470
45,328,470
47,328,470
49,328,470
51,328,470
53,328,468
55,328,468
57,328,468
59,328,468
61,328,468
63,328,468
65,328,468
67,328,468
69,328,468
71,328,468
73,328,466
75,328,466
77,328,466
79,328,466
81,328,466
83,328,466
83,331,466
85,339,466
87,339,466
89,339,466
91,341,466
93,343,468
95,358,468
97,354,468
99,354,468
101,354,468
103,356,468
105,358,468
107,358,468
109,358,468
111,358,468
113,358,468
115,358,468
117,358,468
119,358,468
121,358,468
123,358,468
125,358,468
127,358,468
129,358,468
131,358,468
133,358,468
135,358,468
137,358,468
139,358,468
141,358,468
143,360,468
145,366,461
147,371,456
149,373,454
151,379,449
153,383,444
155,383,437
157,375,432
159,371,429
161,368,422
163,368,405
165,368,398
167,366,391
169,364,374
171,364,357
173,364,352
175,366,347
177,368,345
179,373,343
181,377,342
183,383,340
185,387,340
187,387,340
189,387,340
191,383,335
193,383,335
195,383,335
197,383,335
199,383,335
201,383,335
203,383,335
205,383,335
207,383,335
209,383,333
211,394,337
213,404,328
215,402,325
217,398,328
219,404,328
221,404,328
223,404,328
225,404,325
227,404,323
229,404,323
231,404,323
233,404,323
235,404,323
237,404,323
239,392,319
241,385,318
243,375,316
245,375,319
247,373,319
249,373,316
251,379,321
253,381,316
255,379,313
257,377,311
259,377,309
261,377,307
263,377,306
265,377,306
267,377,304
269,377,302
271,377,302
273,377,301
275,377,301
277,377,301
279,377,301
281,377,301
283,377,301
285,377,301
287,377,301
289,371,297
291,360,296
293,341,289
295,341,289
297,341,289
299,343,287
301,343,284
303,345,282
305,345,282
307,345,270
309,347,258
311,352,248
313,358,237
315,360,229
317,360,222
319,358,212
321,358,207
323,358,200
325,360,196
327,360,191
329,362,188
331,362,186
333,362,186
335,362,171
337,362,164
339,360,157
341,358,154
343,358,150
345,356,145
347,356,145
349,356,138
351,356,137
353,358,138
355,358,138
357,360,142
359,364,142
361,368,133
363,371,125
365,371,125
367,371,125
369,371,125
371,366,128
373,366,128
375,366,128
377,366,128
379,364,126
381,358,123
383,358,121
385,356,118
387,354,116
389,349,114
391,349,113
393,349,113
395,343,113
397,343,113
399,343,113
401,345,113
403,345,113
405,347,111
407,347,109
409,347,108
411,347,108
413,347,108
415,354,104
417,349,104
419,349,106
421,349,106
423,349,106
425,349,106
427,349,106
429,349,106
431,349,106
433,349,106
435,349,106
437,349,99
439,349,99
441,354,97
443,356,96
445,362,96
447,366,96
449,368,96
451,368,96
453,371,92
455,373,91
457,371,94
459,368,97
461,368,97
463,368,97
465,364,97
467,356,99
469,347,101
471,347,99
473,347,101
475,337,97
477,331,91
479,328,101
481,328,101
483,328,101
485,328,101
487,318,109
489,318,109
491,314,101
493,314,106
495,318,109
497,318,109
499,318,109
501,318,113
503,318,116
505,318,116
507,318,114
509,309,116
511,309,116
513,305,120
515,305,120
517,295,126
519,293,125
521,293,125
523,293,125
525,293,125
527,293,125
529,293,126
531,293,132
533,293,137
535,293,140
537,293,145
539,299,143
541,299,142
543,303,142
545,303,142
547,309,140
549,303,142
551,303,142
553,303,142
555,303,147
557,303,152
559,301,161
561,301,162
563,297,159
565,295,166
567,295,157
569,293,157
571,293,152
573,288,157
575,288,157
577,288,167
579,291,166
581,295,161
583,299,159
585,303,162
587,301,157
589,305,150
591,301,152
593,299,159
595,299,169
597,297,164
599,297,167
601,295,173
603,293,174
605,293,179
607,293,178
609,291,174
611,288,167
613,284,167
615,284,171
617,286,171
619,286,174
621,286,174
623,286,174
625,286,174
627,286,174
629,284,178
631,282,166
633,280,169
635,280,169
637,280,169
639,280,169
641,276,174
643,280,178
645,288,176
647,288,176
649,288,176
651,288,176
653,295,173
655,305,171
657,312,161
659,312,161
661,314,157
663,316,155
665,322,154
667,333,152
669,339,152
671,343,152
673,352,149
675,360,150
677,360,150
679,360,150
681,360,150
683,360,150
685,364,147
687,371,147
689,379,142
691,385,142
693,385,142
695,387,142
697,396,147
699,396,147
701,396,147
703,396,147
705,396,147
707,396,147
709,396,140
711,396,138
713,396,138
715,396,138
717,394,145
719,394,145
721,385,145
723,371,147
725,362,149
727,360,149
729,360,147
731,347,147
733,347,145
735,347,145
737,337,149
739,326,152
741,320,152
743,318,150
745,312,150
747,295,149
749,295,149
751,295,149
753,295,149
755,295,149
757,295,149
759,280,150
761,284,147
763,278,147
765,269,149
767,269,142
769,269,140
771,267,142
773,255,142
775,255,142
777,244,143
779,246,145
781,248,145
783,238,145
785,238,143
787,227,143
789,223,140
791,221,138
793,204,140
795,204,140
797,204,140
799,213,140
801,208,142
803,208,142
805,208,142
807,208,142
809,208,135
811,208,133
813,213,130
815,213,130
817,213,130
819,213,130
821,223,133
823,223,133
825,223,133
827,223,133
829,217,126
831,217,125
833,221,123
835,225,120
837,225,120
839,227,118
841,236,118
843,236,118
845,244,118
847,248,118
849,255,116
851,255,114
853,282,111
855,303,109
857,314,109
859,316,109
861,320,109
863,339,109
865,345,109
867,345,109
869,347,109
871,354,109
873,356,113
875,360,116
877,362,116
879,371,116
881,377,116
883,379,116
885,381,116
887,381,116
889,381,114
891,377,114
893,377,114
895,379,114
897,392,121
899,392,121
901,392,121
903,392,121
905,392,121
907,392,121
909,392,120
911,392,120
913,389,123
915,389,123
917,389,123
919,385,130
921,385,133
923,385,135
925,385,135
927,385,135
929,389,138
931,396,138
933,398,143
935,398,149
937,408,149
939,417,149
941,413,150
943,415,152
945,417,155
947,419,161
949,419,162
951,419,171
953,417,179
955,417,181
957,417,181
959,419,195
961,425,200
963,427,208
965,429,202
967,432,205
969,421,208
971,417,214
973,404,215
975,404,215
977,406,217
979,411,217
981,400,217
983,396,220
985,392,225
987,392,225
989,377,229
991,379,234
993,389,239
995,392,232
997,392,231
999,387,236
1001,383,239
1003,381,241
1005,379,239
1007,379,232
1009,385,244
1011,394,249
1013,400,263
1015,413,275
1017,421,275
1019,419,275
1021,425,284
1023,427,289
1025,427,296
1027,413,294
1029,413,292
1031,413,292
1033,413,292
1035,413,292
1037,396,299
1039,383,313
1041,375,323
1043,368,321
1045,368,323
1047,379,318
1049,379,319
1051,379,319
1053,373,318
1055,373,316
1057,375,321
1059,383,333
1061,387,335
1063,389,333
1065,394,331
1067,394,337
1069,394,337
1071,394,337
1073,402,328
1075,400,328
1077,400,328
1079,400,328
1081,383,328
1083,394,331
1085,394,331
1087,396,335
1089,392,338
1091,392,343
1093,392,343
1095,392,345
1097,389,354
1099,389,354
1101,389,354
1103,389,352
1105,385,355
1107,383,357
1109,383,357
1111,383,357
1113,383,357
1115,377,355
1117,377,355
1119,377,355
1121,377,355
1123,377,355
1125,383,355
1127,387,357
1129,398,360
1131,396,360
1133,385,360
1135,385,360
1137,389,362
1139,392,393
1141,398,425
1143,406,441
1145,408,448
1147,411,473
1149,402,473
1151,406,473
1153,408,473
1299,392,454
1301,392,454
1303,392,448
1305,392,448
1307,396,454
1309,396,454
1311,396,454
1313,396,454
1315,396,453
1317,396,453
1319,396,453
1321,396,453
1323,396,453
1387,389,442
1389,383,432
1391,383,432
1393,379,407
1395,379,405
1397,373,388
1399,368,362
1401,349,323
1403,345,307
1405,341,292
1407,349,282
1409,358,275
1411,358,275
1413,362,273
1415,364,272
1417,381,261
1419,373,249
1421,373,249
1423,360,241
1425,360,237
1427,362,227
1429,362,225
1431,366,222
1433,366,222
1435,366,215
1437,366,215
1439,366,205
1441,366,202
1443,366,200
1445,364,193
1447,364,186
1449,362,176
1451,362,162
1453,360,205
1455,360,205
1457,360,203
1459,364,200
1461,368,195
1463,371,191
1465,377,181
1467,385,173
1469,387,169
1471,392,162
1473,392,159
1475,392,157
1477,392,157
1479,392,147
1481,392,147
1483,392,147
1485,385,142
1487,373,138
1489,375,135
1491,377,133
1493,377,132
1495,383,132
1497,377,135
1499,377,135
1501,379,135
1503,383,133
1505,389,133
1507,396,135
1509,400,135
1511,415,135
1513,421,135
1515,438,135
1517,453,135
1519,459,135
1521,474,133
1523,482,132
1525,488,132
1527,493,132
1529,505,130
1531,507,130
1533,507,130
1535,507,130
1537,518,130
1539,520,130
1541,522,130
1543,528,130
1545,528,130
1547,537,130
1549,537,121
1551,535,126
1553,535,123
1555,537,121
1557,539,125
1559,539,125
1561,539,125
1563,541,125
1565,554,123
1567,554,123
1569,558,121
1571,564,121
1573,568,125
1575,560,123
1577,554,123
1579,543,118
1581,535,118
1583,531,121
1585,524,116
1587,514,118
1589,514,118
1591,516,114
1593,505,108
1595,491,106
1597,478,111
1599,465,111
1601,465,111
1603,453,111
1605,451,111
1607,451,111
1609,451,111
1611,451,111
1613,451,108
1615,459,102
1617,448,102
1619,448,102
1621,434,108
1623,425,108
1625,425,104
1627,425,104
1629,421,104
1631,411,106
1633,413,106
1635,408,96
1637,404,91
1639,404,96
1641,402,97
1643,402,97
1645,402,99
1647,396,99
1649,389,99
1651,381,99
1653,385,99
1655,389,99
1657,402,99
1659,404,99
1661,411,99
1663,413,99
1665,413,99
1667,413,99
1669,413,99
1671,413,99
1673,413,99
1675,413,104
1677,413,104
1679,415,104
1681,415,104
1683,415,102
1685,417,102
1687,417,101
1689,417,101
1691,408,101
1693,406,101
1695,406,101
1697,406,101
1699,406,108
1701,408,108
1703,432,108
1705,432,111
1707,432,111
1709,434,111
1711,427,111
1713,427,116
1715,427,116
1717,429,120
1719,429,128
1721,432,128
1723,434,128
1725,436,132
1727,442,130
1729,444,130
1731,446,128
1733,446,126
1735,453,126
1737,457,128
1739,457,128
1741,457,128
1743,457,128
1745,457,128
1747,461,128
1749,467,132
1751,467,126
1753,467,135
1755,467,135
1757,467,135
1759,459,137
1761,446,138
1763,432,140
1765,427,140
1767,419,142
1769,419,142
1771,419,142
1773,411,143
1775,408,145
1777,408,145
1779,415,135
1781,421,137
1783,415,138
1785,415,138
1787,417,138
1789,417,138
1791,417,138
1793,417,138
1795,417,138
1797,417,138
1799,425,138
1801,434,135
1803,438,135
1805,440,135
1807,442,135
1809,442,126
1811,427,126
1813,427,125
1815,425,125
1817,423,121
1819,423,120
1821,423,120
1823,423,113
1825,429,108
1827,432,106
1829,434,101
1831,440,99
1833,457,97
1835,463,97
1837,459,91
1839,459,89
1841,459,89
1843,451,87
1845,444,87
1847,444,85
1849,436,84
1851,432,79
1853,404,82
1855,406,80
1857,383,79
1859,387,75
1861,387,79
1863,381,79
1865,362,80
1867,356,80
1869,356,80
1871,356,80
1873,347,77
1875,345,77
1877,345,75
1879,345,73
1881,345,77
1883,352,77
1885,354,77
1887,362,73
1889,373,82
1891,368,80
1893,368,79
1895,379,77
1897,381,77
1899,385,77
1901,385,77
1903,387,77
1905,387,77
1907,387,77
1909,387,77
1911,387,77
1913,387,77
1915,385,80
1917,385,84
1919,381,85
1921,381,85
1923,381,85
1925,381,85
1927,381,85
1929,381,85
1931,381,85
1933,381,85
1935,381,85
1937,381,85
1939,381,85
1941,381,89
1943,381,91
1945,381,91
1947,373,92
1949,373,92
1951,373,92
1953,371,102
1955,371,102
1957,375,106
1959,379,111
1961,379,111
1963,373,108
1965,373,106
1967,375,106
1969,383,114
1971,383,114
1973,381,114
1975,379,116
1977,379,118
1979,371,121
1981,371,123
1983,368,123
1985,368,125
1987,368,125
1989,368,125
1991,368,125
1993,385,125
1995,379,130
1997,379,130
1999,371,125
2001,377,145
2003,379,152
2005,366,150
2007,360,143
2009,352,138
2011,358,130
2013,339,114
2015,345,120
2017,341,130
2019,339,125
2021,345,123
2023,343,133
2025,335,137
2027,337,142
2029,339,145
2031,343,138
2033,347,150
2035,347,155
2037,347,147
2039,347,152
2041,347,150
2043,347,150
2045,347,150
2047,347,150
2049,347,150
2051,347,150
2053,347,143
2055,352,152
2057,352,159
2059,352,161
2061,352,161
2063,349,157
2065,349,157
2067,349,157
2069,349,157
2071,349,157
2073,360,161
2075,354,162
2077,358,159
2079,364,161
2081,364,161
2083,364,161
2085,366,143
2087,368,145
2089,368,147
2091,368,147
2093,368,147
2095,368,147
2097,366,149
2099,345,155
2101,331,152
2103,337,150
2105,337,150
2107,337,150
2109,341,137
2111,341,138
2113,341,138
2115,341,138
2117,341,138
2119,341,138
2121,341,138
2123,341,138
2125,341,138
2127,356,135
2129,356,135
2131,356,135
2133,356,135
2135,356,135
2137,356,135
2139,356,135
2141,356,135
2143,356,135
2145,352,133
2147,347,133
2149,345,133
2151,341,138
2153,341,138
2155,341,138
2157,341,138
2159,341,138
2161,343,143
2163,354,147
2165,341,147
2167,341,147
2169,341,147
2171,364,149
2173,364,147
2175,364,147
2177,354,147
2179,354,147
2181,354,149
2183,339,149
2185,339,152
2187,343,154
2189,343,154
2191,343,159
2193,343,159
2195,326,154
2197,326,152
2199,331,155
2201,331,155
2203,331,154
2205,331,154
2207,331,154
2209,339,157
2211,343,159
2213,345,157
2215,343,152
2217,343,157
2219,343,157
2221,343,157
2223,343,157
2225,345,157
2227,354,162
2229,347,162
2231,347,162
2233,347,162
2235,341,169
2237,341,167
2239,343,167
2241,337,157
2243,337,164
2245,337,154
2247,343,161
2249,345,161
2251,345,161
2253,347,161
2255,354,164
2257,354,164
2259,354,164
2261,354,166
2263,354,166
2265,354,166
2267,362,166
2269,366,166
2271,366,166
2273,375,167
